SS_Fitting v1.00.01: State-Spaces Matrices obtained using Time Domain method, on Jun-15-2023 12:02:38
0							%Wave heading angle
2.37						%time offset (tc)
57							%Total Excitation States
19  0 19  0 19  0			%Excitation States per DoF
-2.359404e-01 -7.547421e+00 -1.068610e+00 -1.026446e-01 -7.024635e-02 1.538480e-02 -1.292047e-01 6.349939e-01 4.404281e-01 -3.892918e-01 8.711399e-01 4.789647e-02 -6.325335e-02 1.149007e-01 -4.237326e-01 -9.902469e-02 1.576625e-01 -4.309750e-01 -7.501847e-02 0.000000e+00 0.000000e+00 0.000000e+00 0.000000e+00 0.000000e+00 0.000000e+00 0.000000e+00 0.000000e+00 0.000000e+00 0.000000e+00 0.000000e+00 0.000000e+00 0.000000e+00 0.000000e+00 0.000000e+00 0.000000e+00 0.000000e+00 0.000000e+00 0.000000e+00 0.000000e+00 0.000000e+00 0.000000e+00 0.000000e+00 0.000000e+00 0.000000e+00 0.000000e+00 0.000000e+00 0.000000e+00 0.000000e+00 0.000000e+00 0.000000e+00 0.000000e+00 0.000000e+00 0.000000e+00 0.000000e+00 0.000000e+00 0.000000e+00 0.000000e+00
7.547421e+00 -1.215021e-02 -5.753543e-02 -9.487339e-02 -6.194028e-02 9.257162e-04 -9.274530e-02 4.858592e-02 3.878672e-02 -2.121850e-01 1.089186e-01 1.966746e-02 -9.228740e-03 4.082954e-02 -1.415088e-01 -1.610898e-02 5.057149e-02 -7.177927e-02 -1.256224e-02 0.000000e+00 0.000000e+00 0.000000e+00 0.000000e+00 0.000000e+00 0.000000e+00 0.000000e+00 0.000000e+00 0.000000e+00 0.000000e+00 0.000000e+00 0.000000e+00 0.000000e+00 0.000000e+00 0.000000e+00 0.000000e+00 0.000000e+00 0.000000e+00 0.000000e+00 0.000000e+00 0.000000e+00 0.000000e+00 0.000000e+00 0.000000e+00 0.000000e+00 0.000000e+00 0.000000e+00 0.000000e+00 0.000000e+00 0.000000e+00 0.000000e+00 0.000000e+00 0.000000e+00 0.000000e+00 0.000000e+00 0.000000e+00 0.000000e+00 0.000000e+00
1.068610e+00 -5.753543e-02 -2.876900e-01 -6.997162e+00 -2.732466e+00 4.660379e-03 -1.605115e+00 2.489862e-01 2.013212e-01 -2.238632e+00 5.895656e-01 1.591535e-01 -5.119293e-02 3.015145e-01 -1.010807e+00 -9.117563e-02 3.540851e-01 -4.081824e-01 -7.151566e-02 0.000000e+00 0.000000e+00 0.000000e+00 0.000000e+00 0.000000e+00 0.000000e+00 0.000000e+00 0.000000e+00 0.000000e+00 0.000000e+00 0.000000e+00 0.000000e+00 0.000000e+00 0.000000e+00 0.000000e+00 0.000000e+00 0.000000e+00 0.000000e+00 0.000000e+00 0.000000e+00 0.000000e+00 0.000000e+00 0.000000e+00 0.000000e+00 0.000000e+00 0.000000e+00 0.000000e+00 0.000000e+00 0.000000e+00 0.000000e+00 0.000000e+00 0.000000e+00 0.000000e+00 0.000000e+00 0.000000e+00 0.000000e+00 0.000000e+00 0.000000e+00
-1.026446e-01 9.487339e-02 6.997162e+00 -4.769864e-02 -3.274790e-02 1.469339e-01 -6.120728e-02 1.109280e+00 5.516890e-01 -1.896436e-01 7.021604e-01 2.426841e-02 -4.545995e-02 5.972910e-02 -2.230230e-01 -6.670419e-02 8.369769e-02 -2.866714e-01 -4.975856e-02 0.000000e+00 0.000000e+00 0.000000e+00 0.000000e+00 0.000000e+00 0.000000e+00 0.000000e+00 0.000000e+00 0.000000e+00 0.000000e+00 0.000000e+00 0.000000e+00 0.000000e+00 0.000000e+00 0.000000e+00 0.000000e+00 0.000000e+00 0.000000e+00 0.000000e+00 0.000000e+00 0.000000e+00 0.000000e+00 0.000000e+00 0.000000e+00 0.000000e+00 0.000000e+00 0.000000e+00 0.000000e+00 0.000000e+00 0.000000e+00 0.000000e+00 0.000000e+00 0.000000e+00 0.000000e+00 0.000000e+00 0.000000e+00 0.000000e+00 0.000000e+00
-7.024635e-02 6.194028e-02 2.732466e+00 -3.274790e-02 -2.248696e-02 5.679775e+00 -4.206341e-02 8.841404e-01 4.140337e-01 -1.305182e-01 5.005439e-01 1.673765e-02 -3.209212e-02 4.125340e-02 -1.541454e-01 -4.685452e-02 5.787736e-02 -2.011766e-01 -3.491165e-02 0.000000e+00 0.000000e+00 0.000000e+00 0.000000e+00 0.000000e+00 0.000000e+00 0.000000e+00 0.000000e+00 0.000000e+00 0.000000e+00 0.000000e+00 0.000000e+00 0.000000e+00 0.000000e+00 0.000000e+00 0.000000e+00 0.000000e+00 0.000000e+00 0.000000e+00 0.000000e+00 0.000000e+00 0.000000e+00 0.000000e+00 0.000000e+00 0.000000e+00 0.000000e+00 0.000000e+00 0.000000e+00 0.000000e+00 0.000000e+00 0.000000e+00 0.000000e+00 0.000000e+00 0.000000e+00 0.000000e+00 0.000000e+00 0.000000e+00 0.000000e+00
-1.538480e-02 9.257162e-04 4.660379e-03 -1.469339e-01 -5.679775e+00 -7.556134e-05 3.807442e-02 -4.046376e-03 -3.277329e-03 4.231545e-02 -9.653193e-03 -2.801350e-03 8.411425e-04 -5.204048e-03 1.733126e-02 1.502521e-03 -6.047807e-03 6.731318e-03 1.179556e-03 0.000000e+00 0.000000e+00 0.000000e+00 0.000000e+00 0.000000e+00 0.000000e+00 0.000000e+00 0.000000e+00 0.000000e+00 0.000000e+00 0.000000e+00 0.000000e+00 0.000000e+00 0.000000e+00 0.000000e+00 0.000000e+00 0.000000e+00 0.000000e+00 0.000000e+00 0.000000e+00 0.000000e+00 0.000000e+00 0.000000e+00 0.000000e+00 0.000000e+00 0.000000e+00 0.000000e+00 0.000000e+00 0.000000e+00 0.000000e+00 0.000000e+00 0.000000e+00 0.000000e+00 0.000000e+00 0.000000e+00 0.000000e+00 0.000000e+00 0.000000e+00
-1.292047e-01 9.274530e-02 1.605115e+00 -6.120728e-02 -4.206341e-02 -3.807442e-02 -7.900886e-02 8.894525e+00 1.463149e+00 -2.469851e-01 1.160507e+00 3.202221e-02 -6.997843e-02 7.951690e-02 -2.982258e-01 -9.916713e-02 1.122680e-01 -4.234724e-01 -7.339924e-02 0.000000e+00 0.000000e+00 0.000000e+00 0.000000e+00 0.000000e+00 0.000000e+00 0.000000e+00 0.000000e+00 0.000000e+00 0.000000e+00 0.000000e+00 0.000000e+00 0.000000e+00 0.000000e+00 0.000000e+00 0.000000e+00 0.000000e+00 0.000000e+00 0.000000e+00 0.000000e+00 0.000000e+00 0.000000e+00 0.000000e+00 0.000000e+00 0.000000e+00 0.000000e+00 0.000000e+00 0.000000e+00 0.000000e+00 0.000000e+00 0.000000e+00 0.000000e+00 0.000000e+00 0.000000e+00 0.000000e+00 0.000000e+00 0.000000e+00 0.000000e+00
-6.349939e-01 4.858592e-02 2.489862e-01 -1.109280e+00 -8.841404e-01 -4.046376e-03 -8.894525e+00 -2.180382e-01 -1.774077e-01 4.048454e+00 -5.308300e-01 -1.941371e-01 4.670554e-02 -3.362858e-01 1.095331e+00 8.412330e-02 -3.774162e-01 3.776201e-01 6.620269e-02 0.000000e+00 0.000000e+00 0.000000e+00 0.000000e+00 0.000000e+00 0.000000e+00 0.000000e+00 0.000000e+00 0.000000e+00 0.000000e+00 0.000000e+00 0.000000e+00 0.000000e+00 0.000000e+00 0.000000e+00 0.000000e+00 0.000000e+00 0.000000e+00 0.000000e+00 0.000000e+00 0.000000e+00 0.000000e+00 0.000000e+00 0.000000e+00 0.000000e+00 0.000000e+00 0.000000e+00 0.000000e+00 0.000000e+00 0.000000e+00 0.000000e+00 0.000000e+00 0.000000e+00 0.000000e+00 0.000000e+00 0.000000e+00 0.000000e+00 0.000000e+00
-4.404281e-01 3.878672e-02 2.013212e-01 -5.516890e-01 -4.140337e-01 -3.277329e-03 -1.463149e+00 -1.774077e-01 -1.448396e-01 7.725237e+00 -4.385657e-01 -2.003586e-01 3.887815e-02 -3.209077e-01 1.021877e+00 7.048213e-02 -3.477592e-01 3.168830e-01 5.557508e-02 0.000000e+00 0.000000e+00 0.000000e+00 0.000000e+00 0.000000e+00 0.000000e+00 0.000000e+00 0.000000e+00 0.000000e+00 0.000000e+00 0.000000e+00 0.000000e+00 0.000000e+00 0.000000e+00 0.000000e+00 0.000000e+00 0.000000e+00 0.000000e+00 0.000000e+00 0.000000e+00 0.000000e+00 0.000000e+00 0.000000e+00 0.000000e+00 0.000000e+00 0.000000e+00 0.000000e+00 0.000000e+00 0.000000e+00 0.000000e+00 0.000000e+00 0.000000e+00 0.000000e+00 0.000000e+00 0.000000e+00 0.000000e+00 0.000000e+00 0.000000e+00
-3.892918e-01 2.121850e-01 2.238632e+00 -1.896436e-01 -1.305182e-01 -4.231545e-02 -2.469851e-01 -4.048454e+00 -7.725237e+00 -7.826334e-01 6.290431e+00 1.035746e-01 -3.083802e-01 2.609170e-01 -9.857068e-01 -4.020910e-01 3.729883e-01 -1.692741e+00 -2.924805e-01 0.000000e+00 0.000000e+00 0.000000e+00 0.000000e+00 0.000000e+00 0.000000e+00 0.000000e+00 0.000000e+00 0.000000e+00 0.000000e+00 0.000000e+00 0.000000e+00 0.000000e+00 0.000000e+00 0.000000e+00 0.000000e+00 0.000000e+00 0.000000e+00 0.000000e+00 0.000000e+00 0.000000e+00 0.000000e+00 0.000000e+00 0.000000e+00 0.000000e+00 0.000000e+00 0.000000e+00 0.000000e+00 0.000000e+00 0.000000e+00 0.000000e+00 0.000000e+00 0.000000e+00 0.000000e+00 0.000000e+00 0.000000e+00 0.000000e+00 0.000000e+00
-8.711399e-01 1.089186e-01 5.895656e-01 -7.021604e-01 -5.005439e-01 -9.653193e-03 -1.160507e+00 -5.308300e-01 -4.385657e-01 -6.290431e+00 -1.386475e+00 -8.911289e+00 1.264588e-01 -2.403842e+00 6.233017e+00 2.351899e-01 -1.927858e+00 1.064063e+00 1.868939e-01 0.000000e+00 0.000000e+00 0.000000e+00 0.000000e+00 0.000000e+00 0.000000e+00 0.000000e+00 0.000000e+00 0.000000e+00 0.000000e+00 0.000000e+00 0.000000e+00 0.000000e+00 0.000000e+00 0.000000e+00 0.000000e+00 0.000000e+00 0.000000e+00 0.000000e+00 0.000000e+00 0.000000e+00 0.000000e+00 0.000000e+00 0.000000e+00 0.000000e+00 0.000000e+00 0.000000e+00 0.000000e+00 0.000000e+00 0.000000e+00 0.000000e+00 0.000000e+00 0.000000e+00 0.000000e+00 0.000000e+00 0.000000e+00 0.000000e+00 0.000000e+00
4.789647e-02 -1.966746e-02 -1.591535e-01 2.426841e-02 1.673765e-02 2.801350e-03 3.202221e-02 1.941371e-01 2.003586e-01 1.035746e-01 8.911289e+00 -1.415899e-02 1.023349e-01 -3.652598e-02 1.397094e-01 9.339125e-02 -5.333900e-02 3.748283e-01 6.411372e-02 0.000000e+00 0.000000e+00 0.000000e+00 0.000000e+00 0.000000e+00 0.000000e+00 0.000000e+00 0.000000e+00 0.000000e+00 0.000000e+00 0.000000e+00 0.000000e+00 0.000000e+00 0.000000e+00 0.000000e+00 0.000000e+00 0.000000e+00 0.000000e+00 0.000000e+00 0.000000e+00 0.000000e+00 0.000000e+00 0.000000e+00 0.000000e+00 0.000000e+00 0.000000e+00 0.000000e+00 0.000000e+00 0.000000e+00 0.000000e+00 0.000000e+00 0.000000e+00 0.000000e+00 0.000000e+00 0.000000e+00 0.000000e+00 0.000000e+00 0.000000e+00
6.325335e-02 -9.228740e-03 -5.119293e-02 4.545995e-02 3.209212e-02 8.411425e-04 6.997843e-02 4.670554e-02 3.887815e-02 3.083802e-01 1.264588e-01 -1.023349e-01 -1.176672e-02 3.483780e+00 -1.561628e+00 -2.229835e-02 3.630212e-01 -1.013634e-01 -1.782381e-02 0.000000e+00 0.000000e+00 0.000000e+00 0.000000e+00 0.000000e+00 0.000000e+00 0.000000e+00 0.000000e+00 0.000000e+00 0.000000e+00 0.000000e+00 0.000000e+00 0.000000e+00 0.000000e+00 0.000000e+00 0.000000e+00 0.000000e+00 0.000000e+00 0.000000e+00 0.000000e+00 0.000000e+00 0.000000e+00 0.000000e+00 0.000000e+00 0.000000e+00 0.000000e+00 0.000000e+00 0.000000e+00 0.000000e+00 0.000000e+00 0.000000e+00 0.000000e+00 0.000000e+00 0.000000e+00 0.000000e+00 0.000000e+00 0.000000e+00 0.000000e+00
1.149007e-01 -4.082954e-02 -3.015145e-01 5.972910e-02 4.125340e-02 5.204048e-03 7.951690e-02 3.362858e-01 3.209077e-01 2.609170e-01 2.403842e+00 -3.652598e-02 -3.483780e+00 -9.596534e-02 3.706913e-01 5.091352e-01 -1.425504e-01 1.814472e+00 3.033765e-01 0.000000e+00 0.000000e+00 0.000000e+00 0.000000e+00 0.000000e+00 0.000000e+00 0.000000e+00 0.000000e+00 0.000000e+00 0.000000e+00 0.000000e+00 0.000000e+00 0.000000e+00 0.000000e+00 0.000000e+00 0.000000e+00 0.000000e+00 0.000000e+00 0.000000e+00 0.000000e+00 0.000000e+00 0.000000e+00 0.000000e+00 0.000000e+00 0.000000e+00 0.000000e+00 0.000000e+00 0.000000e+00 0.000000e+00 0.000000e+00 0.000000e+00 0.000000e+00 0.000000e+00 0.000000e+00 0.000000e+00 0.000000e+00 0.000000e+00 0.000000e+00
-4.237326e-01 1.415088e-01 1.010807e+00 -2.230230e-01 -1.541454e-01 -1.733126e-02 -2.982258e-01 -1.095331e+00 -1.021877e+00 -9.857068e-01 -6.233017e+00 1.397094e-01 1.561628e+00 3.706913e-01 -1.439664e+00 -4.758225e+00 5.558598e-01 -1.297450e+01 -2.082079e+00 0.000000e+00 0.000000e+00 0.000000e+00 0.000000e+00 0.000000e+00 0.000000e+00 0.000000e+00 0.000000e+00 0.000000e+00 0.000000e+00 0.000000e+00 0.000000e+00 0.000000e+00 0.000000e+00 0.000000e+00 0.000000e+00 0.000000e+00 0.000000e+00 0.000000e+00 0.000000e+00 0.000000e+00 0.000000e+00 0.000000e+00 0.000000e+00 0.000000e+00 0.000000e+00 0.000000e+00 0.000000e+00 0.000000e+00 0.000000e+00 0.000000e+00 0.000000e+00 0.000000e+00 0.000000e+00 0.000000e+00 0.000000e+00 0.000000e+00 0.000000e+00
9.902469e-02 -1.610898e-02 -9.117563e-02 6.670419e-02 4.685452e-02 1.502521e-03 9.916713e-02 8.412330e-02 7.048213e-02 4.020910e-01 2.351899e-01 -9.339125e-02 -2.229835e-02 -5.091352e-01 4.758225e+00 -4.303721e-02 3.617438e+01 -1.965672e-01 -3.460383e-02 0.000000e+00 0.000000e+00 0.000000e+00 0.000000e+00 0.000000e+00 0.000000e+00 0.000000e+00 0.000000e+00 0.000000e+00 0.000000e+00 0.000000e+00 0.000000e+00 0.000000e+00 0.000000e+00 0.000000e+00 0.000000e+00 0.000000e+00 0.000000e+00 0.000000e+00 0.000000e+00 0.000000e+00 0.000000e+00 0.000000e+00 0.000000e+00 0.000000e+00 0.000000e+00 0.000000e+00 0.000000e+00 0.000000e+00 0.000000e+00 0.000000e+00 0.000000e+00 0.000000e+00 0.000000e+00 0.000000e+00 0.000000e+00 0.000000e+00 0.000000e+00
1.576625e-01 -5.057149e-02 -3.540851e-01 8.369769e-02 5.787736e-02 6.047807e-03 1.122680e-01 3.774162e-01 3.477592e-01 3.729883e-01 1.927858e+00 -5.333900e-02 -3.630212e-01 -1.425504e-01 5.558598e-01 -3.617438e+01 -2.152683e-01 1.348387e+01 1.883385e+00 0.000000e+00 0.000000e+00 0.000000e+00 0.000000e+00 0.000000e+00 0.000000e+00 0.000000e+00 0.000000e+00 0.000000e+00 0.000000e+00 0.000000e+00 0.000000e+00 0.000000e+00 0.000000e+00 0.000000e+00 0.000000e+00 0.000000e+00 0.000000e+00 0.000000e+00 0.000000e+00 0.000000e+00 0.000000e+00 0.000000e+00 0.000000e+00 0.000000e+00 0.000000e+00 0.000000e+00 0.000000e+00 0.000000e+00 0.000000e+00 0.000000e+00 0.000000e+00 0.000000e+00 0.000000e+00 0.000000e+00 0.000000e+00 0.000000e+00 0.000000e+00
4.309750e-01 -7.177927e-02 -4.081824e-01 2.866714e-01 2.011766e-01 6.731318e-03 4.234724e-01 3.776201e-01 3.168830e-01 1.692741e+00 1.064063e+00 -3.748283e-01 -1.013634e-01 -1.814472e+00 1.297450e+01 -1.965672e-01 -1.348387e+01 -8.989143e-01 -1.582930e-01 0.000000e+00 0.000000e+00 0.000000e+00 0.000000e+00 0.000000e+00 0.000000e+00 0.000000e+00 0.000000e+00 0.000000e+00 0.000000e+00 0.000000e+00 0.000000e+00 0.000000e+00 0.000000e+00 0.000000e+00 0.000000e+00 0.000000e+00 0.000000e+00 0.000000e+00 0.000000e+00 0.000000e+00 0.000000e+00 0.000000e+00 0.000000e+00 0.000000e+00 0.000000e+00 0.000000e+00 0.000000e+00 0.000000e+00 0.000000e+00 0.000000e+00 0.000000e+00 0.000000e+00 0.000000e+00 0.000000e+00 0.000000e+00 0.000000e+00 0.000000e+00
7.501847e-02 -1.256224e-02 -7.151566e-02 4.975856e-02 3.491165e-02 1.179556e-03 7.339924e-02 6.620269e-02 5.557508e-02 2.924805e-01 1.868939e-01 -6.411372e-02 -1.782381e-02 -3.033765e-01 2.082079e+00 -3.460383e-02 -1.883385e+00 -1.582930e-01 -2.787639e-02 0.000000e+00 0.000000e+00 0.000000e+00 0.000000e+00 0.000000e+00 0.000000e+00 0.000000e+00 0.000000e+00 0.000000e+00 0.000000e+00 0.000000e+00 0.000000e+00 0.000000e+00 0.000000e+00 0.000000e+00 0.000000e+00 0.000000e+00 0.000000e+00 0.000000e+00 0.000000e+00 0.000000e+00 0.000000e+00 0.000000e+00 0.000000e+00 0.000000e+00 0.000000e+00 0.000000e+00 0.000000e+00 0.000000e+00 0.000000e+00 0.000000e+00 0.000000e+00 0.000000e+00 0.000000e+00 0.000000e+00 0.000000e+00 0.000000e+00 0.000000e+00
0.000000e+00 0.000000e+00 0.000000e+00 0.000000e+00 0.000000e+00 0.000000e+00 0.000000e+00 0.000000e+00 0.000000e+00 0.000000e+00 0.000000e+00 0.000000e+00 0.000000e+00 0.000000e+00 0.000000e+00 0.000000e+00 0.000000e+00 0.000000e+00 0.000000e+00 -8.107911e-03 9.989802e+00 -2.255552e-01 -7.819040e-03 -4.994768e-02 -6.779565e-02 -3.344355e-01 -1.891681e-02 1.003421e-01 -9.200487e-02 7.457341e-02 1.766158e-02 -1.188522e-01 -1.144270e-01 -2.398480e-02 6.393212e-02 -2.462174e-01 3.419185e-02 -5.292955e-02 0.000000e+00 0.000000e+00 0.000000e+00 0.000000e+00 0.000000e+00 0.000000e+00 0.000000e+00 0.000000e+00 0.000000e+00 0.000000e+00 0.000000e+00 0.000000e+00 0.000000e+00 0.000000e+00 0.000000e+00 0.000000e+00 0.000000e+00 0.000000e+00 0.000000e+00
0.000000e+00 0.000000e+00 0.000000e+00 0.000000e+00 0.000000e+00 0.000000e+00 0.000000e+00 0.000000e+00 0.000000e+00 0.000000e+00 0.000000e+00 0.000000e+00 0.000000e+00 0.000000e+00 0.000000e+00 0.000000e+00 0.000000e+00 0.000000e+00 0.000000e+00 -9.989802e+00 -8.307193e-02 4.969199e-02 3.674773e-01 1.671303e-02 2.027304e+00 3.027266e-01 1.997830e-01 -6.492430e-01 1.650392e-01 -1.656201e-01 -8.148566e-02 2.665293e-01 5.028104e-01 5.652850e-02 -2.714716e-01 6.176098e-01 -1.375127e-01 1.411377e-01 0.000000e+00 0.000000e+00 0.000000e+00 0.000000e+00 0.000000e+00 0.000000e+00 0.000000e+00 0.000000e+00 0.000000e+00 0.000000e+00 0.000000e+00 0.000000e+00 0.000000e+00 0.000000e+00 0.000000e+00 0.000000e+00 0.000000e+00 0.000000e+00 0.000000e+00
0.000000e+00 0.000000e+00 0.000000e+00 0.000000e+00 0.000000e+00 0.000000e+00 0.000000e+00 0.000000e+00 0.000000e+00 0.000000e+00 0.000000e+00 0.000000e+00 0.000000e+00 0.000000e+00 0.000000e+00 0.000000e+00 0.000000e+00 0.000000e+00 0.000000e+00 2.255552e-01 4.969199e-02 -2.985573e-02 -7.919739e+00 -1.006536e-02 -3.179128e+00 -1.845090e-01 -1.528888e-01 4.483039e-01 -1.025103e-01 1.038237e-01 5.387701e-02 -1.671599e-01 -3.307891e-01 -3.554128e-02 1.779968e-01 -3.895951e-01 8.970681e-02 -8.933949e-02 0.000000e+00 0.000000e+00 0.000000e+00 0.000000e+00 0.000000e+00 0.000000e+00 0.000000e+00 0.000000e+00 0.000000e+00 0.000000e+00 0.000000e+00 0.000000e+00 0.000000e+00 0.000000e+00 0.000000e+00 0.000000e+00 0.000000e+00 0.000000e+00 0.000000e+00
0.000000e+00 0.000000e+00 0.000000e+00 0.000000e+00 0.000000e+00 0.000000e+00 0.000000e+00 0.000000e+00 0.000000e+00 0.000000e+00 0.000000e+00 0.000000e+00 0.000000e+00 0.000000e+00 0.000000e+00 0.000000e+00 0.000000e+00 0.000000e+00 0.000000e+00 -7.819040e-03 -3.674773e-01 7.919739e+00 -7.578347e-03 -1.489208e-01 -6.589100e-02 -4.301470e-01 -1.864583e-02 1.002936e-01 -1.015590e-01 8.009306e-02 1.791439e-02 -1.275096e-01 -1.163649e-01 -2.559253e-02 6.513808e-02 -2.610459e-01 3.494664e-02 -5.578909e-02 0.000000e+00 0.000000e+00 0.000000e+00 0.000000e+00 0.000000e+00 0.000000e+00 0.000000e+00 0.000000e+00 0.000000e+00 0.000000e+00 0.000000e+00 0.000000e+00 0.000000e+00 0.000000e+00 0.000000e+00 0.000000e+00 0.000000e+00 0.000000e+00 0.000000e+00
0.000000e+00 0.000000e+00 0.000000e+00 0.000000e+00 0.000000e+00 0.000000e+00 0.000000e+00 0.000000e+00 0.000000e+00 0.000000e+00 0.000000e+00 0.000000e+00 0.000000e+00 0.000000e+00 0.000000e+00 0.000000e+00 0.000000e+00 0.000000e+00 0.000000e+00 4.994768e-02 1.671303e-02 -1.006536e-02 1.489208e-01 -3.397757e-03 -8.505583e+00 -6.269549e-02 -6.053931e-02 1.644650e-01 -3.520567e-02 3.584653e-02 1.921158e-02 -5.772992e-02 -1.175823e-01 -1.229218e-02 6.313799e-02 -1.350042e-01 3.172015e-02 -3.102122e-02 0.000000e+00 0.000000e+00 0.000000e+00 0.000000e+00 0.000000e+00 0.000000e+00 0.000000e+00 0.000000e+00 0.000000e+00 0.000000e+00 0.000000e+00 0.000000e+00 0.000000e+00 0.000000e+00 0.000000e+00 0.000000e+00 0.000000e+00 0.000000e+00 0.000000e+00
0.000000e+00 0.000000e+00 0.000000e+00 0.000000e+00 0.000000e+00 0.000000e+00 0.000000e+00 0.000000e+00 0.000000e+00 0.000000e+00 0.000000e+00 0.000000e+00 0.000000e+00 0.000000e+00 0.000000e+00 0.000000e+00 0.000000e+00 0.000000e+00 0.000000e+00 -6.779565e-02 -2.027304e+00 3.179128e+00 -6.589100e-02 8.505583e+00 -5.737820e-01 -4.569269e+00 -1.636611e-01 8.874131e-01 -9.567720e-01 7.408355e-01 1.598878e-01 -1.178581e+00 -1.040171e+00 -2.357198e-01 5.829227e-01 -2.394477e+00 3.133317e-01 -5.098232e-01 0.000000e+00 0.000000e+00 0.000000e+00 0.000000e+00 0.000000e+00 0.000000e+00 0.000000e+00 0.000000e+00 0.000000e+00 0.000000e+00 0.000000e+00 0.000000e+00 0.000000e+00 0.000000e+00 0.000000e+00 0.000000e+00 0.000000e+00 0.000000e+00 0.000000e+00
0.000000e+00 0.000000e+00 0.000000e+00 0.000000e+00 0.000000e+00 0.000000e+00 0.000000e+00 0.000000e+00 0.000000e+00 0.000000e+00 0.000000e+00 0.000000e+00 0.000000e+00 0.000000e+00 0.000000e+00 0.000000e+00 0.000000e+00 0.000000e+00 0.000000e+00 3.344355e-01 3.027266e-01 -1.845090e-01 4.301470e-01 -6.269549e-02 4.569269e+00 -1.197168e+00 -9.546948e+00 5.447068e+00 -7.128396e-01 7.485158e-01 4.975088e-01 -1.207407e+00 -2.974129e+00 -2.593061e-01 1.572706e+00 -2.881196e+00 7.725181e-01 -6.702954e-01 0.000000e+00 0.000000e+00 0.000000e+00 0.000000e+00 0.000000e+00 0.000000e+00 0.000000e+00 0.000000e+00 0.000000e+00 0.000000e+00 0.000000e+00 0.000000e+00 0.000000e+00 0.000000e+00 0.000000e+00 0.000000e+00 0.000000e+00 0.000000e+00 0.000000e+00
0.000000e+00 0.000000e+00 0.000000e+00 0.000000e+00 0.000000e+00 0.000000e+00 0.000000e+00 0.000000e+00 0.000000e+00 0.000000e+00 0.000000e+00 0.000000e+00 0.000000e+00 0.000000e+00 0.000000e+00 0.000000e+00 0.000000e+00 0.000000e+00 0.000000e+00 -1.891681e-02 -1.997830e-01 1.528888e-01 -1.864583e-02 6.053931e-02 -1.636611e-01 9.546948e+00 -4.868446e-02 2.760797e-01 -4.730817e-01 3.114511e-01 5.235051e-02 -4.926318e-01 -3.438001e-01 -9.581247e-02 1.940245e-01 -9.430693e-01 1.055325e-01 -1.953154e-01 0.000000e+00 0.000000e+00 0.000000e+00 0.000000e+00 0.000000e+00 0.000000e+00 0.000000e+00 0.000000e+00 0.000000e+00 0.000000e+00 0.000000e+00 0.000000e+00 0.000000e+00 0.000000e+00 0.000000e+00 0.000000e+00 0.000000e+00 0.000000e+00 0.000000e+00
0.000000e+00 0.000000e+00 0.000000e+00 0.000000e+00 0.000000e+00 0.000000e+00 0.000000e+00 0.000000e+00 0.000000e+00 0.000000e+00 0.000000e+00 0.000000e+00 0.000000e+00 0.000000e+00 0.000000e+00 0.000000e+00 0.000000e+00 0.000000e+00 0.000000e+00 1.003421e-01 6.492430e-01 -4.483039e-01 1.002936e-01 -1.644650e-01 8.874131e-01 -5.447068e+00 2.760797e-01 -1.649842e+00 1.022911e+01 -3.273143e+00 -3.343737e-01 5.091784e+00 2.225041e+00 9.181116e-01 -1.268311e+00 8.368710e+00 -7.018496e-01 1.630509e+00 0.000000e+00 0.000000e+00 0.000000e+00 0.000000e+00 0.000000e+00 0.000000e+00 0.000000e+00 0.000000e+00 0.000000e+00 0.000000e+00 0.000000e+00 0.000000e+00 0.000000e+00 0.000000e+00 0.000000e+00 0.000000e+00 0.000000e+00 0.000000e+00 0.000000e+00
0.000000e+00 0.000000e+00 0.000000e+00 0.000000e+00 0.000000e+00 0.000000e+00 0.000000e+00 0.000000e+00 0.000000e+00 0.000000e+00 0.000000e+00 0.000000e+00 0.000000e+00 0.000000e+00 0.000000e+00 0.000000e+00 0.000000e+00 0.000000e+00 0.000000e+00 9.200487e-02 1.650392e-01 -1.025103e-01 1.015590e-01 -3.520567e-02 9.567720e-01 -7.128396e-01 4.730817e-01 -1.022911e+01 -4.759866e-01 5.355223e-01 8.199386e-01 -8.671248e-01 -4.238143e+00 -1.901117e-01 2.062642e+00 -2.174295e+00 9.088666e-01 -5.223834e-01 0.000000e+00 0.000000e+00 0.000000e+00 0.000000e+00 0.000000e+00 0.000000e+00 0.000000e+00 0.000000e+00 0.000000e+00 0.000000e+00 0.000000e+00 0.000000e+00 0.000000e+00 0.000000e+00 0.000000e+00 0.000000e+00 0.000000e+00 0.000000e+00 0.000000e+00
0.000000e+00 0.000000e+00 0.000000e+00 0.000000e+00 0.000000e+00 0.000000e+00 0.000000e+00 0.000000e+00 0.000000e+00 0.000000e+00 0.000000e+00 0.000000e+00 0.000000e+00 0.000000e+00 0.000000e+00 0.000000e+00 0.000000e+00 0.000000e+00 0.000000e+00 -7.457341e-02 -1.656201e-01 1.038237e-01 -8.009306e-02 3.584653e-02 -7.408355e-01 7.485158e-01 -3.114511e-01 3.273143e+00 5.355223e-01 -6.323237e-01 -2.972007e+01 1.026770e+00 1.895683e+01 2.286773e-01 -6.380778e+00 2.676151e+00 -2.056825e+00 6.605870e-01 0.000000e+00 0.000000e+00 0.000000e+00 0.000000e+00 0.000000e+00 0.000000e+00 0.000000e+00 0.000000e+00 0.000000e+00 0.000000e+00 0.000000e+00 0.000000e+00 0.000000e+00 0.000000e+00 0.000000e+00 0.000000e+00 0.000000e+00 0.000000e+00 0.000000e+00
0.000000e+00 0.000000e+00 0.000000e+00 0.000000e+00 0.000000e+00 0.000000e+00 0.000000e+00 0.000000e+00 0.000000e+00 0.000000e+00 0.000000e+00 0.000000e+00 0.000000e+00 0.000000e+00 0.000000e+00 0.000000e+00 0.000000e+00 0.000000e+00 0.000000e+00 1.766158e-02 8.148566e-02 -5.387701e-02 1.791439e-02 -1.921158e-02 1.598878e-01 -4.975088e-01 5.235051e-02 -3.343737e-01 -8.199386e-01 2.972007e+01 -7.469483e-02 6.144442e+01 5.077345e-01 9.965580e-01 -2.942710e-01 4.895136e+00 -1.677658e-01 7.105609e-01 0.000000e+00 0.000000e+00 0.000000e+00 0.000000e+00 0.000000e+00 0.000000e+00 0.000000e+00 0.000000e+00 0.000000e+00 0.000000e+00 0.000000e+00 0.000000e+00 0.000000e+00 0.000000e+00 0.000000e+00 0.000000e+00 0.000000e+00 0.000000e+00 0.000000e+00
0.000000e+00 0.000000e+00 0.000000e+00 0.000000e+00 0.000000e+00 0.000000e+00 0.000000e+00 0.000000e+00 0.000000e+00 0.000000e+00 0.000000e+00 0.000000e+00 0.000000e+00 0.000000e+00 0.000000e+00 0.000000e+00 0.000000e+00 0.000000e+00 0.000000e+00 1.188522e-01 2.665293e-01 -1.671599e-01 1.275096e-01 -5.772992e-02 1.178581e+00 -1.207407e+00 4.926318e-01 -5.091784e+00 -8.671248e-01 1.026770e+00 -6.144442e+01 -1.667557e+00 -3.698105e+01 -3.717453e-01 1.147907e+01 -4.356648e+00 3.534665e+00 -1.077260e+00 0.000000e+00 0.000000e+00 0.000000e+00 0.000000e+00 0.000000e+00 0.000000e+00 0.000000e+00 0.000000e+00 0.000000e+00 0.000000e+00 0.000000e+00 0.000000e+00 0.000000e+00 0.000000e+00 0.000000e+00 0.000000e+00 0.000000e+00 0.000000e+00 0.000000e+00
0.000000e+00 0.000000e+00 0.000000e+00 0.000000e+00 0.000000e+00 0.000000e+00 0.000000e+00 0.000000e+00 0.000000e+00 0.000000e+00 0.000000e+00 0.000000e+00 0.000000e+00 0.000000e+00 0.000000e+00 0.000000e+00 0.000000e+00 0.000000e+00 0.000000e+00 -1.144270e-01 -5.028104e-01 3.307891e-01 -1.163649e-01 1.175823e-01 -1.040171e+00 2.974129e+00 -3.438001e-01 2.225041e+00 4.238143e+00 -1.895683e+01 5.077345e-01 3.698105e+01 -3.468597e+00 -6.440047e+01 2.018375e+00 -5.326336e+01 1.159207e+00 -6.196084e+00 0.000000e+00 0.000000e+00 0.000000e+00 0.000000e+00 0.000000e+00 0.000000e+00 0.000000e+00 0.000000e+00 0.000000e+00 0.000000e+00 0.000000e+00 0.000000e+00 0.000000e+00 0.000000e+00 0.000000e+00 0.000000e+00 0.000000e+00 0.000000e+00 0.000000e+00
0.000000e+00 0.000000e+00 0.000000e+00 0.000000e+00 0.000000e+00 0.000000e+00 0.000000e+00 0.000000e+00 0.000000e+00 0.000000e+00 0.000000e+00 0.000000e+00 0.000000e+00 0.000000e+00 0.000000e+00 0.000000e+00 0.000000e+00 0.000000e+00 0.000000e+00 2.398480e-02 5.652850e-02 -3.554128e-02 2.559253e-02 -1.229218e-02 2.357198e-01 -2.593061e-01 9.581247e-02 -9.181116e-01 -1.901117e-01 2.286773e-01 -9.965580e-01 -3.717453e-01 6.440047e+01 -8.331899e-02 6.461086e+00 -9.843788e-01 1.169105e+00 -2.458222e-01 0.000000e+00 0.000000e+00 0.000000e+00 0.000000e+00 0.000000e+00 0.000000e+00 0.000000e+00 0.000000e+00 0.000000e+00 0.000000e+00 0.000000e+00 0.000000e+00 0.000000e+00 0.000000e+00 0.000000e+00 0.000000e+00 0.000000e+00 0.000000e+00 0.000000e+00
0.000000e+00 0.000000e+00 0.000000e+00 0.000000e+00 0.000000e+00 0.000000e+00 0.000000e+00 0.000000e+00 0.000000e+00 0.000000e+00 0.000000e+00 0.000000e+00 0.000000e+00 0.000000e+00 0.000000e+00 0.000000e+00 0.000000e+00 0.000000e+00 0.000000e+00 6.393212e-02 2.714716e-01 -1.779968e-01 6.513808e-02 -6.313799e-02 5.829227e-01 -1.572706e+00 1.940245e-01 -1.268311e+00 -2.062642e+00 6.380778e+00 -2.942710e-01 -1.147907e+01 2.018375e+00 -6.461086e+00 -1.178287e+00 5.920172e+01 -6.808029e-01 4.635555e+00 0.000000e+00 0.000000e+00 0.000000e+00 0.000000e+00 0.000000e+00 0.000000e+00 0.000000e+00 0.000000e+00 0.000000e+00 0.000000e+00 0.000000e+00 0.000000e+00 0.000000e+00 0.000000e+00 0.000000e+00 0.000000e+00 0.000000e+00 0.000000e+00 0.000000e+00
0.000000e+00 0.000000e+00 0.000000e+00 0.000000e+00 0.000000e+00 0.000000e+00 0.000000e+00 0.000000e+00 0.000000e+00 0.000000e+00 0.000000e+00 0.000000e+00 0.000000e+00 0.000000e+00 0.000000e+00 0.000000e+00 0.000000e+00 0.000000e+00 0.000000e+00 2.462174e-01 6.176098e-01 -3.895951e-01 2.610459e-01 -1.350042e-01 2.394477e+00 -2.881196e+00 9.430693e-01 -8.368710e+00 -2.174295e+00 2.676151e+00 -4.895136e+00 -4.356648e+00 5.326336e+01 -9.843788e-01 -5.920172e+01 -1.177482e+01 4.944664e+01 -2.986290e+00 0.000000e+00 0.000000e+00 0.000000e+00 0.000000e+00 0.000000e+00 0.000000e+00 0.000000e+00 0.000000e+00 0.000000e+00 0.000000e+00 0.000000e+00 0.000000e+00 0.000000e+00 0.000000e+00 0.000000e+00 0.000000e+00 0.000000e+00 0.000000e+00 0.000000e+00
0.000000e+00 0.000000e+00 0.000000e+00 0.000000e+00 0.000000e+00 0.000000e+00 0.000000e+00 0.000000e+00 0.000000e+00 0.000000e+00 0.000000e+00 0.000000e+00 0.000000e+00 0.000000e+00 0.000000e+00 0.000000e+00 0.000000e+00 0.000000e+00 0.000000e+00 3.419185e-02 1.375127e-01 -8.970681e-02 3.494664e-02 -3.172015e-02 3.133317e-01 -7.725181e-01 1.055325e-01 -7.018496e-01 -9.088666e-01 2.056825e+00 -1.677658e-01 -3.534665e+00 1.159207e+00 -1.169105e+00 -6.808029e-01 -4.944664e+01 -3.978510e-01 5.661664e+00 0.000000e+00 0.000000e+00 0.000000e+00 0.000000e+00 0.000000e+00 0.000000e+00 0.000000e+00 0.000000e+00 0.000000e+00 0.000000e+00 0.000000e+00 0.000000e+00 0.000000e+00 0.000000e+00 0.000000e+00 0.000000e+00 0.000000e+00 0.000000e+00 0.000000e+00
0.000000e+00 0.000000e+00 0.000000e+00 0.000000e+00 0.000000e+00 0.000000e+00 0.000000e+00 0.000000e+00 0.000000e+00 0.000000e+00 0.000000e+00 0.000000e+00 0.000000e+00 0.000000e+00 0.000000e+00 0.000000e+00 0.000000e+00 0.000000e+00 0.000000e+00 5.292955e-02 1.411377e-01 -8.933949e-02 5.578909e-02 -3.102122e-02 5.098232e-01 -6.702954e-01 1.953154e-01 -1.630509e+00 -5.223834e-01 6.605870e-01 -7.105609e-01 -1.077260e+00 6.196084e+00 -2.458222e-01 -4.635555e+00 -2.986290e+00 -5.661664e+00 -7.726451e-01 0.000000e+00 0.000000e+00 0.000000e+00 0.000000e+00 0.000000e+00 0.000000e+00 0.000000e+00 0.000000e+00 0.000000e+00 0.000000e+00 0.000000e+00 0.000000e+00 0.000000e+00 0.000000e+00 0.000000e+00 0.000000e+00 0.000000e+00 0.000000e+00 0.000000e+00
0.000000e+00 0.000000e+00 0.000000e+00 0.000000e+00 0.000000e+00 0.000000e+00 0.000000e+00 0.000000e+00 0.000000e+00 0.000000e+00 0.000000e+00 0.000000e+00 0.000000e+00 0.000000e+00 0.000000e+00 0.000000e+00 0.000000e+00 0.000000e+00 0.000000e+00 0.000000e+00 0.000000e+00 0.000000e+00 0.000000e+00 0.000000e+00 0.000000e+00 0.000000e+00 0.000000e+00 0.000000e+00 0.000000e+00 0.000000e+00 0.000000e+00 0.000000e+00 0.000000e+00 0.000000e+00 0.000000e+00 0.000000e+00 0.000000e+00 0.000000e+00 -2.236065e-01 -9.437280e+00 1.769145e+00 5.821215e-02 -4.072759e-01 7.557047e-02 7.916650e-02 7.673140e-01 -1.173455e-01 4.720366e-01 3.013686e-02 3.496543e-01 2.945288e-01 5.126265e-02 2.949697e-03 -2.256060e-01 -2.592236e-02 -3.064238e-03 -7.019429e-02
0.000000e+00 0.000000e+00 0.000000e+00 0.000000e+00 0.000000e+00 0.000000e+00 0.000000e+00 0.000000e+00 0.000000e+00 0.000000e+00 0.000000e+00 0.000000e+00 0.000000e+00 0.000000e+00 0.000000e+00 0.000000e+00 0.000000e+00 0.000000e+00 0.000000e+00 0.000000e+00 0.000000e+00 0.000000e+00 0.000000e+00 0.000000e+00 0.000000e+00 0.000000e+00 0.000000e+00 0.000000e+00 0.000000e+00 0.000000e+00 0.000000e+00 0.000000e+00 0.000000e+00 0.000000e+00 0.000000e+00 0.000000e+00 0.000000e+00 0.000000e+00 9.437280e+00 -1.363167e-08 9.032887e-05 6.635057e-05 -2.381891e-04 8.000008e-06 3.409508e-05 1.121621e-04 -2.135749e-05 1.540928e-04 8.601835e-06 7.514590e-05 6.416983e-05 1.418868e-05 6.784234e-07 -5.977094e-05 -6.864119e-06 -7.054848e-07 -1.847174e-05
0.000000e+00 0.000000e+00 0.000000e+00 0.000000e+00 0.000000e+00 0.000000e+00 0.000000e+00 0.000000e+00 0.000000e+00 0.000000e+00 0.000000e+00 0.000000e+00 0.000000e+00 0.000000e+00 0.000000e+00 0.000000e+00 0.000000e+00 0.000000e+00 0.000000e+00 0.000000e+00 0.000000e+00 0.000000e+00 0.000000e+00 0.000000e+00 0.000000e+00 0.000000e+00 0.000000e+00 0.000000e+00 0.000000e+00 0.000000e+00 0.000000e+00 0.000000e+00 0.000000e+00 0.000000e+00 0.000000e+00 0.000000e+00 0.000000e+00 0.000000e+00 -1.769145e+00 9.032887e-05 -6.252924e-01 -9.681986e+00 3.093558e+00 -5.816833e-02 -3.533932e-01 -8.469101e-01 1.669749e-01 -1.405276e+00 -7.490465e-02 -6.072449e-01 -5.201200e-01 -1.223907e-01 -5.568030e-03 5.090054e-01 5.844560e-02 5.791538e-03 1.570027e-01
0.000000e+00 0.000000e+00 0.000000e+00 0.000000e+00 0.000000e+00 0.000000e+00 0.000000e+00 0.000000e+00 0.000000e+00 0.000000e+00 0.000000e+00 0.000000e+00 0.000000e+00 0.000000e+00 0.000000e+00 0.000000e+00 0.000000e+00 0.000000e+00 0.000000e+00 0.000000e+00 0.000000e+00 0.000000e+00 0.000000e+00 0.000000e+00 0.000000e+00 0.000000e+00 0.000000e+00 0.000000e+00 0.000000e+00 0.000000e+00 0.000000e+00 0.000000e+00 0.000000e+00 0.000000e+00 0.000000e+00 0.000000e+00 0.000000e+00 0.000000e+00 5.821215e-02 -6.635057e-05 9.681986e+00 -1.590072e-02 1.167005e-01 -3.976468e-02 -2.353220e-02 -3.150295e-01 4.326277e-02 -1.469670e-01 -9.654884e-03 -1.211869e-01 -1.016238e-01 -1.654201e-02 -1.000596e-03 7.358944e-02 8.456632e-03 1.039131e-03 2.293569e-02
0.000000e+00 0.000000e+00 0.000000e+00 0.000000e+00 0.000000e+00 0.000000e+00 0.000000e+00 0.000000e+00 0.000000e+00 0.000000e+00 0.000000e+00 0.000000e+00 0.000000e+00 0.000000e+00 0.000000e+00 0.000000e+00 0.000000e+00 0.000000e+00 0.000000e+00 0.000000e+00 0.000000e+00 0.000000e+00 0.000000e+00 0.000000e+00 0.000000e+00 0.000000e+00 0.000000e+00 0.000000e+00 0.000000e+00 0.000000e+00 0.000000e+00 0.000000e+00 0.000000e+00 0.000000e+00 0.000000e+00 0.000000e+00 0.000000e+00 0.000000e+00 -4.072759e-01 2.381891e-04 -3.093558e+00 1.167005e-01 -9.027120e-01 8.991617e+00 1.902396e-01 4.871758e+00 -5.002372e-01 1.263109e+00 8.647190e-02 1.236704e+00 1.028576e+00 1.497788e-01 9.825967e-03 -6.774787e-01 -7.786967e-02 -1.019893e-02 -2.117193e-01
0.000000e+00 0.000000e+00 0.000000e+00 0.000000e+00 0.000000e+00 0.000000e+00 0.000000e+00 0.000000e+00 0.000000e+00 0.000000e+00 0.000000e+00 0.000000e+00 0.000000e+00 0.000000e+00 0.000000e+00 0.000000e+00 0.000000e+00 0.000000e+00 0.000000e+00 0.000000e+00 0.000000e+00 0.000000e+00 0.000000e+00 0.000000e+00 0.000000e+00 0.000000e+00 0.000000e+00 0.000000e+00 0.000000e+00 0.000000e+00 0.000000e+00 0.000000e+00 0.000000e+00 0.000000e+00 0.000000e+00 0.000000e+00 0.000000e+00 0.000000e+00 -7.557047e-02 8.000008e-06 -5.816833e-02 3.976468e-02 -8.991617e+00 -5.752378e-03 -7.935606e-02 -8.821603e-02 1.832582e-02 -2.087810e-01 -1.000885e-02 -7.035766e-02 -6.057739e-02 -1.603253e-02 -6.628934e-04 6.496473e-02 7.457224e-03 6.898021e-04 1.996234e-02
0.000000e+00 0.000000e+00 0.000000e+00 0.000000e+00 0.000000e+00 0.000000e+00 0.000000e+00 0.000000e+00 0.000000e+00 0.000000e+00 0.000000e+00 0.000000e+00 0.000000e+00 0.000000e+00 0.000000e+00 0.000000e+00 0.000000e+00 0.000000e+00 0.000000e+00 0.000000e+00 0.000000e+00 0.000000e+00 0.000000e+00 0.000000e+00 0.000000e+00 0.000000e+00 0.000000e+00 0.000000e+00 0.000000e+00 0.000000e+00 0.000000e+00 0.000000e+00 0.000000e+00 0.000000e+00 0.000000e+00 0.000000e+00 0.000000e+00 0.000000e+00 7.916650e-02 -3.409508e-05 3.533932e-01 -2.353220e-02 1.902396e-01 7.935606e-02 -4.175117e-02 -8.592366e+00 1.869264e-01 -2.950730e-01 -2.116763e-02 -3.626567e-01 -2.976831e-01 -3.714717e-02 -2.715748e-03 1.715133e-01 1.971900e-02 2.816623e-03 5.378226e-02
0.000000e+00 0.000000e+00 0.000000e+00 0.000000e+00 0.000000e+00 0.000000e+00 0.000000e+00 0.000000e+00 0.000000e+00 0.000000e+00 0.000000e+00 0.000000e+00 0.000000e+00 0.000000e+00 0.000000e+00 0.000000e+00 0.000000e+00 0.000000e+00 0.000000e+00 0.000000e+00 0.000000e+00 0.000000e+00 0.000000e+00 0.000000e+00 0.000000e+00 0.000000e+00 0.000000e+00 0.000000e+00 0.000000e+00 0.000000e+00 0.000000e+00 0.000000e+00 0.000000e+00 0.000000e+00 0.000000e+00 0.000000e+00 0.000000e+00 0.000000e+00 -7.673140e-01 1.121621e-04 -8.469101e-01 3.150295e-01 -4.871758e+00 -8.821603e-02 8.592366e+00 -1.420875e+00 3.117999e-01 -5.835372e+00 -2.242428e-01 -1.275667e+00 -1.105516e+00 -3.470998e-01 -1.244543e-02 1.348298e+00 1.546969e-01 1.295808e-02 4.118522e-01
0.000000e+00 0.000000e+00 0.000000e+00 0.000000e+00 0.000000e+00 0.000000e+00 0.000000e+00 0.000000e+00 0.000000e+00 0.000000e+00 0.000000e+00 0.000000e+00 0.000000e+00 0.000000e+00 0.000000e+00 0.000000e+00 0.000000e+00 0.000000e+00 0.000000e+00 0.000000e+00 0.000000e+00 0.000000e+00 0.000000e+00 0.000000e+00 0.000000e+00 0.000000e+00 0.000000e+00 0.000000e+00 0.000000e+00 0.000000e+00 0.000000e+00 0.000000e+00 0.000000e+00 0.000000e+00 0.000000e+00 0.000000e+00 0.000000e+00 0.000000e+00 1.173455e-01 -2.135749e-05 1.669749e-01 -4.326277e-02 5.002372e-01 1.832582e-02 -1.869264e-01 3.117999e-01 -7.328027e-02 9.499962e+00 9.114146e-02 3.285222e-01 2.876247e-01 1.280033e-01 3.392143e-03 -4.479763e-01 -5.134328e-02 -3.535334e-03 -1.350048e-01
0.000000e+00 0.000000e+00 0.000000e+00 0.000000e+00 0.000000e+00 0.000000e+00 0.000000e+00 0.000000e+00 0.000000e+00 0.000000e+00 0.000000e+00 0.000000e+00 0.000000e+00 0.000000e+00 0.000000e+00 0.000000e+00 0.000000e+00 0.000000e+00 0.000000e+00 0.000000e+00 0.000000e+00 0.000000e+00 0.000000e+00 0.000000e+00 0.000000e+00 0.000000e+00 0.000000e+00 0.000000e+00 0.000000e+00 0.000000e+00 0.000000e+00 0.000000e+00 0.000000e+00 0.000000e+00 0.000000e+00 0.000000e+00 0.000000e+00 0.000000e+00 4.720366e-01 -1.540928e-04 1.405276e+00 -1.469670e-01 1.263109e+00 2.087810e-01 -2.950730e-01 5.835372e+00 -9.499962e+00 -2.328659e+00 -1.840259e-01 -5.632591e+00 -4.352720e+00 -3.326860e-01 -3.311636e-02 1.613859e+00 1.856682e-01 3.425196e-02 5.103932e-01
0.000000e+00 0.000000e+00 0.000000e+00 0.000000e+00 0.000000e+00 0.000000e+00 0.000000e+00 0.000000e+00 0.000000e+00 0.000000e+00 0.000000e+00 0.000000e+00 0.000000e+00 0.000000e+00 0.000000e+00 0.000000e+00 0.000000e+00 0.000000e+00 0.000000e+00 0.000000e+00 0.000000e+00 0.000000e+00 0.000000e+00 0.000000e+00 0.000000e+00 0.000000e+00 0.000000e+00 0.000000e+00 0.000000e+00 0.000000e+00 0.000000e+00 0.000000e+00 0.000000e+00 0.000000e+00 0.000000e+00 0.000000e+00 0.000000e+00 0.000000e+00 3.013686e-02 -8.601835e-06 7.490465e-02 -9.654884e-03 8.647190e-02 1.000885e-02 -2.116763e-02 2.242428e-01 -9.114146e-02 -1.840259e-01 -1.613816e-02 -7.632709e+00 -2.018400e+00 -3.025997e-02 -5.572055e-03 1.568880e-01 1.806626e-02 5.712838e-03 5.022967e-02
0.000000e+00 0.000000e+00 0.000000e+00 0.000000e+00 0.000000e+00 0.000000e+00 0.000000e+00 0.000000e+00 0.000000e+00 0.000000e+00 0.000000e+00 0.000000e+00 0.000000e+00 0.000000e+00 0.000000e+00 0.000000e+00 0.000000e+00 0.000000e+00 0.000000e+00 0.000000e+00 0.000000e+00 0.000000e+00 0.000000e+00 0.000000e+00 0.000000e+00 0.000000e+00 0.000000e+00 0.000000e+00 0.000000e+00 0.000000e+00 0.000000e+00 0.000000e+00 0.000000e+00 0.000000e+00 0.000000e+00 0.000000e+00 0.000000e+00 0.000000e+00 -3.496543e-01 7.514590e-05 -6.072449e-01 1.211869e-01 -1.236704e+00 -7.035766e-02 3.626567e-01 -1.275667e+00 3.285222e-01 5.632591e+00 7.632709e+00 -1.709223e+00 -1.525191e+00 -3.225055e+00 -1.976790e-02 4.990540e+00 5.688697e-01 2.064646e-02 1.408186e+00
0.000000e+00 0.000000e+00 0.000000e+00 0.000000e+00 0.000000e+00 0.000000e+00 0.000000e+00 0.000000e+00 0.000000e+00 0.000000e+00 0.000000e+00 0.000000e+00 0.000000e+00 0.000000e+00 0.000000e+00 0.000000e+00 0.000000e+00 0.000000e+00 0.000000e+00 0.000000e+00 0.000000e+00 0.000000e+00 0.000000e+00 0.000000e+00 0.000000e+00 0.000000e+00 0.000000e+00 0.000000e+00 0.000000e+00 0.000000e+00 0.000000e+00 0.000000e+00 0.000000e+00 0.000000e+00 0.000000e+00 0.000000e+00 0.000000e+00 0.000000e+00 -2.945288e-01 6.416983e-05 -5.201200e-01 1.016238e-01 -1.028576e+00 -6.057739e-02 2.976831e-01 -1.105516e+00 2.876247e-01 4.352720e+00 2.018400e+00 -1.525191e+00 -1.364615e+00 -6.171300e+00 -1.793868e-02 5.291953e+00 6.020730e-01 1.874229e-02 1.460366e+00
0.000000e+00 0.000000e+00 0.000000e+00 0.000000e+00 0.000000e+00 0.000000e+00 0.000000e+00 0.000000e+00 0.000000e+00 0.000000e+00 0.000000e+00 0.000000e+00 0.000000e+00 0.000000e+00 0.000000e+00 0.000000e+00 0.000000e+00 0.000000e+00 0.000000e+00 0.000000e+00 0.000000e+00 0.000000e+00 0.000000e+00 0.000000e+00 0.000000e+00 0.000000e+00 0.000000e+00 0.000000e+00 0.000000e+00 0.000000e+00 0.000000e+00 0.000000e+00 0.000000e+00 0.000000e+00 0.000000e+00 0.000000e+00 0.000000e+00 0.000000e+00 5.126265e-02 -1.418868e-05 1.223907e-01 -1.654201e-02 1.497788e-01 1.603253e-02 -3.714717e-02 3.470998e-01 -1.280033e-01 -3.326860e-01 -3.025997e-02 3.225055e+00 6.171300e+00 -5.754440e-02 -1.596671e-02 3.066981e-01 3.533187e-02 1.621404e-02 9.872351e-02
